Z	A	Isomer	Sym	5	8	10	15	20	25	30	40	50	60	80	100(keV); reaction rate including SEF in cm3/mole/s
1	1		H	7.28e+4	-	6.27e+4	5.79e+4	5.52e+4	5.33e+4	5.20e+4	5.09e+4	5.10e+4	5.16e+4	5.42e+4	5.72e+4	
1	2		H	2.61e+2	-	3.18e+2	3.64e+2	4.06e+2	4.37e+2	5.32e+2	6.15e+2	6.87e+2	7.78e+2	9.85e+2	1.46e+3	
2	3		He	-	-	-	-	-	-	1.27e+3	-	-	-	-	-	
3	7		Li	6.45e+3	-	6.44e+3	6.46e+3	6.45e+3	6.50e+3	6.50e+3	6.79e+3	7.00e+3	7.23e+3	7.84e+3	8.48e+3	
4	9		Be	1.03e+3	-	1.14e+3	1.24e+3	1.35e+3	1.45e+3	1.56e+3	1.75e+3	1.93e+3	2.12e+3	2.47e+3	2.76e+3	
6	12		C	7.75e+2	-	1.09e+3	1.39e+3	1.71e+3	2.02e+3	2.32e+3	2.94e+3	3.56e+3	4.18e+3	5.42e+3	6.61e+3	
6	13		C	4.48e+2	-	7.03e+2	9.88e+2	1.47e+3	2.20e+3	3.16e+3	5.55e+3	7.96e+3	9.78e+3	1.23e+4	1.37e+4	
6	14		C	2.22e+2	3.53e+2	4.40e+2	6.54e+2	8.63e+2	1.07e+3	1.27e+3	1.66e+3	2.04e+3	2.41e+3	3.10e+3	3.75e+3	
7	14		N	1.12e+4	-	8.74e+3	7.53e+3	6.98e+3	6.30e+3	6.15e+3	5.71e+3	5.23e+3	4.66e+3	4.65e+3	4.38e+3	
7	15		N	1.53e+2	-	3.02e+2	4.44e+2	5.86e+2	7.24e+2	8.68e+2	1.12e+3	1.39e+3	1.65e+3	2.13e+3	2.65e+3	
8	16		O	9.75e+2	-	1.90e+3	2.85e+3	3.78e+3	4.77e+3	5.67e+3	7.59e+3	9.44e+3	1.14e+4	1.51e+4	1.88e+4	
8	18		O	2.25e+2	-	4.38e+2	6.42e+2	8.51e+2	1.08e+3	1.32e+3	1.86e+3	2.50e+3	3.30e+3	5.42e+3	7.96e+3	
9	19		F	7.28e+4	-	3.52e+5	4.73e+5	5.10e+5	5.02e+5	4.76e+5	4.29e+5	3.84e+5	3.57e+5	2.91e+5	2.71e+5	
10	20		Ne	5.33e+3	-	5.31e+3	5.56e+3	7.27e+3	1.14e+4	1.77e+4	3.27e+4	4.64e+4	5.44e+4	6.59e+4	6.86e+4	
10	21		Ne	-	-	-	-	2.06e+5	2.17e+5	2.22e+5	2.23e+5	2.29e+5	-	-	-	
10	22		Ne	8.04e+3	8.11e+3	8.12e+3	8.17e+3	8.22e+3	8.38e+3	8.59e+3	9.58e+3	1.17e+4	1.45e+4	2.06e+4	2.57e+4	
11	23		Na	8.46e+5	-	4.44e+5	3.56e+5	3.26e+5	2.97e+5	3.11e+5	2.90e+5	2.87e+5	2.93e+5	3.13e+5	3.21e+5	
12	24		Mg	6.64e+3	-	4.10e+4	1.36e+5	2.78e+5	3.91e+5	4.88e+5	6.15e+5	6.49e+5	6.48e+5	6.52e+5	5.67e+5	
12	25		Mg	2.89e+5	-	4.26e+5	5.74e+5	7.24e+5	8.36e+5	9.45e+5	1.06e+6	1.09e+6	1.11e+6	1.06e+6	9.70e+5	
12	26		Mg	6.21e+3	-	7.75e+3	1.02e+4	1.33e+4	1.60e+4	1.86e+4	2.44e+4	3.07e+4	3.44e+4	5.45e+4	7.14e+4	
13	26		Al	6.03e+5	-	5.97e+5	5.84e+5	5.66e+5	5.52e+5	5.46e+5	5.28e+5	4.95e+5	4.80e+5	4.56e+5	4.28e+5	
13	27		Al	6.74e+5	-	5.79e+5	5.63e+5	5.54e+5	5.52e+5	5.52e+5	5.62e+5	5.71e+5	5.84e+5	6.02e+5	6.19e+5	
14	28		Si	8.43e+3	-	3.57e+4	9.69e+4	1.47e+5	1.84e+5	2.09e+5	2.33e+5	2.51e+5	2.54e+5	2.60e+5	2.51e+5	
14	29		Si	5.16e+5	-	1.02e+6	1.15e+6	1.13e+6	1.06e+6	9.69e+5	8.22e+5	6.96e+5	5.90e+5	4.62e+5	3.82e+5	
14	30		Si	2.09e+6	-	1.02e+6	6.41e+5	4.38e+5	3.31e+5	2.68e+5	1.80e+5	1.39e+5	1.10e+5	8.66e+4	7.26e+4	
15	31		P	4.81e+4	-	1.53e+5	2.08e+5	2.28e+5	2.42e+5	2.56e+5	2.89e+5	3.23e+5	3.95e+5	4.57e+5	5.10e+5	
16	32		S	7.81e+4	-	2.55e+5	3.85e+5	4.80e+5	5.51e+5	6.03e+5	6.79e+5	7.22e+5	7.49e+5	7.93e+5	7.79e+5	
16	33		S	3.78e+5	-	9.34e+5	1.04e+6	1.12e+6	1.10e+6	1.09e+6	1.05e+6	1.01e+6	9.77e+5	9.36e+5	9.13e+5	
16	34		S	2.20e+4	-	2.17e+4	2.21e+4	2.45e+4	2.84e+4	3.32e+4	4.24e+4	4.97e+4	5.55e+4	6.46e+4	7.11e+4	
16	36		S	2.52e+4	-	2.54e+4	2.49e+4	2.52e+4	2.55e+4	2.51e+4	2.54e+4	2.46e+4	2.49e+4	2.64e+4	2.52e+4	
17	35		Cl	1.51e+6	-	1.83e+6	1.77e+6	1.63e+6	1.52e+6	1.42e+6	1.29e+6	1.21e+6	1.16e+6	1.10e+6	1.07e+6	
17	36		Cl	2.34e+6	-	2.12e+6	1.97e+6	1.92e+6	1.88e+6	1.76e+6	1.66e+6	1.59e+6	1.54e+6	1.44e+6	1.39e+6	
17	37		Cl	4.10e+5	-	4.13e+5	3.81e+5	3.54e+5	3.31e+5	3.11e+5	2.78e+5	2.50e+5	2.28e+5	1.89e+5	1.58e+5	
18	36		Ar	1.42e+6	-	1.46e+6	1.43e+6	1.39e+6	1.35e+6	1.32e+6	1.27e+6	1.23e+6	1.20e+6	1.17e+6	1.15e+6	
18	38		Ar	6.35e+5	-	5.51e+5	4.98e+5	4.67e+5	4.55e+5	4.40e+5	4.24e+5	4.17e+5	4.15e+5	4.31e+5	4.29e+5	
18	39		Ar	2.10e+6	-	1.69e+6	1.45e+6	1.32e+6	1.25e+6	1.17e+6	1.08e+6	1.00e+6	9.54e+5	9.10e+5	8.57e+5	
18	40		Ar	2.00e+5	2.43e+5	2.54e+5	2.79e+5	3.14e+5	3.47e+5	3.74e+5	4.08e+5	4.28e+5	4.36e+5	4.43e+5	4.42e+5	
19	39		K	1.45e+6	-	1.71e+6	1.77e+6	1.77e+6	1.75e+6	1.73e+6	1.66e+6	1.61e+6	1.56e+6	1.46e+6	1.37e+6	
19	40		K	7.77e+6	-	6.21e+6	5.50e+6	5.05e+6	4.73e+6	4.48e+6	4.04e+6	3.79e+6	3.56e+6	3.19e+6	3.05e+6	
19	41		K	5.27e+6	-	4.17e+6	3.70e+6	3.45e+6	3.31e+6	3.23e+6	3.17e+6	3.16e+6	3.17e+6	3.23e+6	3.24e+6	
20	40		Ca	7.16e+5	-	9.73e+5	9.57e+5	9.05e+5	8.65e+5	8.40e+5	8.35e+5	8.58e+5	8.88e+5	9.36e+5	9.61e+5	
20	41		Ca	6.64e+6	-	5.50e+6	5.08e+6	4.79e+6	4.55e+6	4.40e+6	4.06e+6	3.97e+6	3.73e+6	3.59e+6	3.48e+6	
20	42		Ca	1.81e+6	-	2.19e+6	2.24e+6	2.26e+6	2.27e+6	2.29e+6	2.32e+6	2.33e+6	2.34e+6	2.25e+6	2.14e+6	
20	43		Ca	1.38e+7	-	1.09e+7	9.57e+6	8.66e+6	7.99e+6	7.47e+6	6.73e+6	6.28e+6	5.97e+6	5.66e+6	5.56e+6	
20	44		Ca	5.92e+5	-	1.13e+6	1.29e+6	1.34e+6	1.36e+6	1.38e+6	1.37e+6	1.34e+6	1.28e+6	1.20e+6	1.12e+6	
20	45		Ca	4.24e+6	-	3.47e+6	3.11e+6	2.87e+6	2.67e+6	2.56e+6	2.36e+6	2.21e+6	2.06e+6	1.87e+6	1.71e+6	
20	46		Ca	4.30e+5	-	7.27e+5	8.28e+5	8.37e+5	8.15e+5	7.76e+5	7.10e+5	6.62e+5	6.21e+5	5.74e+5	5.35e+5	
20	48		Ca	1.27e+5	-	1.27e+5	1.27e+5	1.27e+5	1.27e+5	1.27e+5	1.27e+5	1.27e+5	1.26e+5	1.27e+5	1.26e+5	
21	45		Sc	1.33e+7	-	1.25e+7	1.14e+7	1.06e+7	9.97e+6	9.39e+6	8.44e+6	7.66e+6	7.22e+6	6.76e+6	6.53e+6	
22	46		Ti	1.79e+6	-	2.86e+6	3.24e+6	3.47e+6	3.72e+6	3.92e+6	4.18e+6	4.22e+6	4.22e+6	4.14e+6	4.06e+6	
22	47		Ti	1.27e+7	-	1.23e+7	1.15e+7	1.07e+7	1.00e+7	9.40e+6	8.43e+6	7.79e+6	7.35e+6	6.85e+6	6.63e+6	
22	48		Ti	2.55e+6	-	5.29e+6	5.67e+6	5.41e+6	5.04e+6	4.65e+6	4.07e+6	3.68e+6	3.39e+6	3.08e+6	2.94e+6	
22	49		Ti	3.11e+6	-	3.23e+6	3.35e+6	3.36e+6	3.31e+6	3.23e+6	3.07e+6	2.97e+6	2.90e+6	2.84e+6	2.89e+6	
22	50		Ti	1.19e+5	-	1.94e+5	2.79e+5	3.82e+5	4.67e+5	5.27e+5	5.91e+5	6.04e+5	6.00e+5	5.73e+5	5.34e+5	
23	50		V	1.39e+7	-	9.54e+6	8.38e+6	7.88e+6	7.48e+6	7.31e+6	6.93e+6	6.79e+6	6.61e+6	6.17e+6	5.81e+6	
23	51		V	1.35e+7	-	1.04e+7	8.27e+6	6.93e+6	6.14e+6	5.56e+6	4.90e+6	4.53e+6	4.33e+6	4.27e+6	4.47e+6	
24	50		Cr	1.37e+7	-	1.06e+7	9.00e+6	8.12e+6	7.61e+6	7.17e+6	6.59e+6	6.23e+6	6.00e+6	5.49e+6	5.07e+6	
24	51		Cr	2.62e+7	-	1.74e+7	1.51e+7	1.40e+7	1.32e+7	1.27e+7	1.22e+7	1.17e+7	1.14e+7	1.10e+7	1.07e+7	
24	52		Cr	6.15e+5	-	7.51e+5	9.41e+5	1.09e+6	1.19e+6	1.29e+6	1.44e+6	1.53e+6	1.61e+6	1.70e+6	1.76e+6	
24	53		Cr	2.09e+7	-	1.58e+7	1.25e+7	1.05e+7	9.34e+6	8.48e+6	7.60e+6	6.79e+6	6.41e+6	6.45e+6	5.07e+6	
24	54		Cr	9.55e+5	-	1.16e+6	1.12e+6	9.55e+5	9.61e+5	9.79e+5	1.05e+6	1.02e+6	1.05e+6	1.07e+6	1.12e+6	
25	55		Mn	1.50e+7	-	9.54e+6	7.65e+6	6.80e+6	6.25e+6	5.74e+6	5.10e+6	4.69e+6	4.66e+6	4.14e+6	4.06e+6	
26	54		Fe	7.10e+6	-	6.84e+6	5.79e+6	5.13e+6	4.67e+6	4.33e+6	4.03e+6	3.94e+6	3.97e+6	4.15e+6	4.38e+6	
26	55		Fe	2.19e+7	-	1.48e+7	1.28e+7	1.19e+7	1.13e+7	1.10e+7	1.05e+7	1.02e+7	9.92e+6	9.53e+6	9.28e+6	
26	56		Fe	7.04e+5	-	8.21e+5	1.12e+6	1.37e+6	1.56e+6	1.71e+6	1.91e+6	2.00e+6	2.06e+6	2.06e+6	1.98e+6	
26	57		Fe	7.39e+6	-	7.28e+6	7.14e+6	6.85e+6	6.71e+6	6.54e+6	6.25e+6	5.82e+6	5.75e+6	5.64e+6	5.43e+6	
26	58		Fe	1.80e+6	-	1.97e+6	1.96e+6	1.99e+6	1.93e+6	1.97e+6	2.07e+6	2.06e+6	2.15e+6	2.29e+6	2.29e+6	
26	60		Fe	0.00e+0	-	0.00e+0	0.00e+0	0.00e+0	7.55e+5	7.52e+5	7.45e+5	7.35e+5	7.27e+5	7.15e+5	7.07e+5	
27	59		Co	6.86e+6	-	7.20e+6	6.78e+6	6.45e+6	6.11e+6	5.78e+6	5.62e+6	5.30e+6	4.73e+6	2.98e+6	2.21e+6	
28	58		Ni	2.28e+6	-	4.23e+6	4.97e+6	5.31e+6	5.51e+6	5.65e+6	5.90e+6	6.09e+6	6.22e+6	6.44e+6	6.51e+6	
28	59		Ni	2.42e+7	-	1.68e+7	1.48e+7	1.37e+7	1.32e+7	1.27e+7	1.21e+7	1.17e+7	1.15e+7	1.09e+7	1.04e+7	
28	60		Ni	4.15e+6	5.02e+6	5.13e+6	4.97e+6	4.72e+6	4.51e+6	4.37e+6	4.18e+6	4.09e+6	4.03e+6	3.98e+6	3.92e+6	
28	61		Ni	1.58e+7	-	1.49e+7	1.39e+7	1.31e+7	1.23e+7	1.16e+7	1.07e+7	1.01e+7	9.86e+6	9.67e+6	9.67e+6	
28	62		Ni	1.13e+7	-	7.14e+6	5.22e+6	4.22e+6	3.63e+6	3.26e+6	2.83e+6	2.64e+6	2.54e+6	2.46e+6	2.48e+6	
28	63		Ni	6.68e+6	-	5.56e+6	5.16e+6	4.88e+6	4.65e+6	4.49e+6	4.15e+6	3.69e+6	3.44e+6	3.09e+6	2.73e+6	
28	64		Ni	7.03e+5	-	1.15e+6	1.24e+6	1.23e+6	1.20e+6	1.17e+6	1.15e+6	1.15e+6	1.16e+6	1.22e+6	1.28e+6	
29	63		Cu	1.18e+7	-	9.19e+6	8.30e+6	8.03e+6	8.04e+6	8.13e+6	8.28e+6	8.80e+6	9.27e+6	9.30e+6	9.14e+6	
29	65		Cu	6.61e+6	-	4.85e+6	4.36e+6	4.24e+6	4.26e+6	4.35e+6	4.53e+6	4.52e+6	4.64e+6	4.67e+6	4.85e+6	
30	64		Zn	8.28e+6	-	9.10e+6	9.08e+6	8.94e+6	8.79e+6	8.61e+6	8.76e+6	8.86e+6	9.08e+6	9.53e+6	1.01e+7	
30	65		Zn	3.05e+7	-	2.64e+7	2.53e+7	2.44e+7	2.36e+7	2.29e+7	2.14e+7	2.03e+7	1.90e+7	1.74e+7	1.61e+7	
30	66		Zn	5.00e+6	-	5.81e+6	5.68e+6	5.36e+6	5.20e+6	5.11e+6	5.06e+6	5.28e+6	5.37e+6	5.96e+6	6.39e+6	
30	67		Zn	3.00e+7	-	2.68e+7	2.51e+7	2.38e+7	2.28e+7	2.22e+7	2.09e+7	1.99e+7	1.91e+7	1.79e+7	1.68e+7	
30	68		Zn	5.54e+6	-	4.04e+6	3.40e+6	3.10e+6	2.93e+6	2.80e+6	2.70e+6	2.64e+6	2.68e+6	2.86e+6	2.93e+6	
30	70		Zn	3.39e+6	-	3.20e+6	3.09e+6	3.13e+6	3.13e+6	3.14e+6	3.15e+6	3.18e+6	3.20e+6	3.26e+6	3.33e+6	
31	69		Ga	1.97e+7	-	2.00e+7	2.03e+7	2.07e+7	2.04e+7	2.03e+7	2.04e+7	2.13e+7	2.10e+7	2.06e+7	2.07e+7	
31	71		Ga	2.37e+7	-	2.10e+7	1.97e+7	1.89e+7	1.84e+7	1.79e+7	1.73e+7	1.69e+7	1.67e+7	1.64e+7	1.57e+7	
32	70		Ge	1.20e+7	-	1.22e+7	1.25e+7	1.26e+7	1.29e+7	1.28e+7	1.26e+7	1.30e+7	1.30e+7	1.31e+7	1.31e+7	
32	72		Ge	1.18e+7	-	1.12e+7	1.09e+7	1.08e+7	1.07e+7	1.06e+7	1.06e+7	1.07e+7	1.07e+7	1.12e+7	1.15e+7	
32	73		Ge	4.62e+7	-	4.23e+7	4.01e+7	3.81e+7	3.62e+7	3.46e+7	3.18e+7	2.97e+7	2.80e+7	2.53e+7	2.33e+7	
32	74		Ge	6.31e+6	-	5.91e+6	5.67e+6	5.58e+6	5.47e+6	5.48e+6	5.49e+6	5.46e+6	5.42e+6	5.58e+6	5.87e+6	
32	76		Ge	3.45e+6	-	3.35e+6	3.23e+6	3.18e+6	3.13e+6	3.13e+6	3.06e+6	3.07e+6	3.09e+6	3.10e+6	3.27e+6	
33	75		As	6.69e+7	-	6.10e+7	5.76e+7	5.55e+7	5.38e+7	5.27e+7	5.10e+7	4.95e+7	4.96e+7	4.68e+7	4.09e+7	
34	74		Se	4.09e+7	-	3.98e+7	3.96e+7	3.95e+7	3.94e+7	3.95e+7	3.96e+7	3.99e+7	4.02e+7	4.12e+7	4.25e+7	
34	76		Se	2.16e+7	-	2.40e+7	2.42e+7	2.40e+7	2.37e+7	2.39e+7	2.42e+7	2.47e+7	2.54e+7	2.72e+7	2.92e+7	
34	77		Se	5.95e+7	-	5.85e+7	6.00e+7	6.07e+7	6.10e+7	6.11e+7	6.08e+7	6.01e+7	5.87e+7	5.51e+7	5.15e+7	
34	78		Se	9.52e+6	-	9.17e+6	8.97e+6	8.81e+6	8.78e+6	8.75e+6	8.75e+6	8.66e+6	8.86e+6	9.05e+6	9.34e+6	
34	79		Se	4.41e+7	-	4.17e+7	4.06e+7	3.97e+7	3.88e+7	3.80e+7	3.59e+7	3.40e+7	3.21e+7	2.89e+7	2.64e+7	
34	80		Se	6.90e+6	-	6.65e+6	6.39e+6	6.43e+6	6.25e+6	6.12e+6	6.06e+6	6.02e+6	5.98e+6	5.95e+6	5.85e+6	
34	82		Se	1.49e+6	-	1.51e+6	1.44e+6	1.43e+6	1.33e+6	1.31e+6	1.35e+6	1.32e+6	1.24e+6	1.19e+6	1.33e+6	
35	79		Br	1.05e+8	-	9.93e+7	9.63e+7	9.44e+7	9.29e+7	9.15e+7	8.97e+7	8.77e+7	8.86e+7	8.55e+7	7.71e+7	
35	81		Br	4.36e+7	-	3.95e+7	3.66e+7	3.65e+7	3.55e+7	3.48e+7	3.40e+7	3.32e+7	3.41e+7	3.37e+7	3.12e+7	
36	78		Kr	1.98e+7	-	3.04e+7	3.86e+7	4.26e+7	4.50e+7	4.68e+7	4.97e+7	5.18e+7	5.39e+7	5.82e+7	6.28e+7	
36	79		Kr	1.02e+8	-	1.17e+8	1.27e+8	1.33e+8	1.38e+8	1.42e+8	1.49e+8	1.53e+8	1.54e+8	1.53e+8	1.49e+8	
36	80		Kr	5.56e+7	-	5.06e+7	4.16e+7	4.02e+7	3.94e+7	3.89e+7	3.99e+7	4.10e+7	4.16e+7	4.29e+7	4.38e+7	
36	81		Kr	8.26e+7	-	8.34e+7	8.58e+7	8.60e+7	8.51e+7	8.40e+7	8.15e+7	7.94e+7	7.77e+7	7.52e+7	7.33e+7	
36	82		Kr	7.14e+6	-	1.03e+7	1.22e+7	1.27e+7	1.30e+7	1.31e+7	1.35e+7	1.34e+7	1.42e+7	1.48e+7	1.54e+7	
36	83		Kr	5.26e+7	-	4.88e+7	4.04e+7	3.78e+7	3.59e+7	3.43e+7	3.21e+7	2.90e+7	2.94e+7	2.76e+7	2.67e+7	
36	84		Kr	1.55e+7	-	7.91e+6	7.62e+6	6.54e+6	5.99e+6	5.54e+6	5.05e+6	4.89e+6	4.74e+6	4.52e+6	4.52e+6	
36	85		Kr	1.03e+7	-	9.51e+6	8.96e+6	8.57e+6	8.25e+6	8.01e+6	7.57e+6	7.34e+6	7.21e+6	6.90e+6	6.64e+6	
36	86		Kr	1.25e+5	-	2.69e+5	3.71e+5	4.40e+5	4.65e+5	4.95e+5	4.88e+5	4.70e+5	4.53e+5	4.28e+5	3.99e+5	
37	85		Rb	4.19e+7	-	3.95e+7	3.76e+7	3.63e+7	3.51e+7	3.40e+7	3.23e+7	3.08e+7	2.97e+7	2.81e+7	2.60e+7	
37	86		Rb	2.68e+7	-	2.69e+7	2.82e+7	2.89e+7	2.93e+7	2.94e+7	2.94e+7	2.93e+7	2.93e+7	2.90e+7	2.86e+7	
37	87		Rb	2.13e+6	-	2.08e+6	2.15e+6	2.22e+6	2.21e+6	2.29e+6	2.35e+6	2.39e+6	2.43e+6	2.54e+6	2.62e+6	
38	84		Sr	4.29e+7	-	4.27e+7	4.34e+7	4.33e+7	4.34e+7	4.37e+7	4.42e+7	4.38e+7	4.33e+7	4.12e+7	4.02e+7	
38	86		Sr	1.25e+7	-	1.13e+7	1.03e+7	1.02e+7	9.44e+6	9.32e+6	8.92e+6	8.65e+6	8.45e+6	8.09e+6	7.71e+6	
38	87		Sr	2.05e+7	-	1.74e+7	1.60e+7	1.51e+7	1.46e+7	1.34e+7	1.28e+7	1.22e+7	1.15e+7	1.07e+7	1.01e+7	
38	88		Sr	6.47e+5	-	9.97e+5	1.02e+6	9.76e+5	9.33e+5	8.93e+5	8.48e+5	8.18e+5	8.14e+5	8.47e+5	8.94e+5	
38	89		Sr	4.10e+6	-	3.62e+6	3.30e+6	3.09e+6	2.93e+6	2.77e+6	2.52e+6	2.44e+6	2.47e+6	2.38e+6	2.13e+6	
39	89		Y	4.04e+6	-	3.36e+6	3.09e+6	2.97e+6	2.79e+6	2.77e+6	2.69e+6	2.63e+6	2.68e+6	2.62e+6	2.66e+6	
40	90		Zr	2.64e+6	-	2.63e+6	2.66e+6	2.70e+6	2.75e+6	2.81e+6	2.88e+6	2.91e+6	2.95e+6	2.95e+6	2.93e+6	
40	91		Zr	1.39e+7	-	1.19e+7	1.07e+7	1.01e+7	9.43e+6	9.03e+6	8.44e+6	8.14e+6	7.70e+6	7.73e+6	7.34e+6	
40	92		Zr	7.10e+6	-	5.90e+6	5.17e+6	4.77e+6	4.48e+6	4.38e+6	4.29e+6	4.46e+6	4.70e+6	4.99e+6	5.58e+6	
40	93		Zr	2.02e+7	-	1.79e+7	1.66e+7	1.56e+7	1.46e+7	1.38e+7	1.26e+7	1.16e+7	1.11e+7	1.03e+7	9.57e+6	
40	94		Zr	4.40e+6	-	4.37e+6	4.12e+6	3.92e+6	3.85e+6	3.79e+6	3.87e+6	4.14e+6	4.53e+6	4.99e+6	5.58e+6	
40	95		Zr	1.76e+7	-	1.56e+7	1.40e+7	1.30e+7	1.21e+7	1.15e+7	1.06e+7	1.02e+7	9.68e+6	9.27e+6	9.05e+6	
40	96		Zr	3.33e+6	-	2.35e+6	1.96e+6	1.66e+6	1.59e+6	1.56e+6	1.40e+6	1.28e+6	1.19e+6	1.05e+6	9.30e+5	
41	93		Nb	5.27e+7	-	4.74e+7	4.40e+7	4.16e+7	3.96e+7	3.80e+7	3.54e+7	3.36e+7	3.20e+7	2.97e+7	2.80e+7	
41	94		Nb	5.50e+7	-	6.50e+7	6.94e+7	6.98e+7	6.83e+7	6.61e+7	6.14e+7	5.73e+7	5.40e+7	4.96e+7	4.66e+7	
41	95		Nb	5.30e+7	-	5.21e+7	5.01e+7	4.83e+7	4.67e+7	4.51e+7	4.29e+7	4.10e+7	3.97e+7	3.78e+7	3.66e+7	
42	100		Mo	1.67e+7	-	1.59e+7	1.55e+7	1.56e+7	1.55e+7	1.57e+7	1.61e+7	1.67e+7	1.73e+7	1.88e+7	2.03e+7	
42	92		Mo	1.65e+7	-	1.33e+7	1.18e+7	1.11e+7	1.05e+7	1.02e+7	9.92e+6	9.96e+6	1.01e+7	1.07e+7	1.14e+7	
42	94		Mo	1.91e+7	-	1.68e+7	1.59e+7	1.52e+7	1.50e+7	1.49e+7	1.50e+7	1.52e+7	1.59e+7	1.69e+7	1.81e+7	
42	95		Mo	4.67e+7	-	4.70e+7	4.58e+7	4.46e+7	4.35e+7	4.25e+7	4.09e+7	3.96e+7	4.00e+7	3.78e+7	3.54e+7	
42	96		Mo	2.43e+7	-	2.08e+7	1.89e+7	1.77e+7	1.69e+7	1.63e+7	1.56e+7	1.54e+7	1.61e+7	1.66e+7	1.68e+7	
42	97		Mo	5.66e+7	-	5.64e+7	5.44e+7	5.24e+7	5.08e+7	4.94e+7	4.72e+7	4.59e+7	4.53e+7	4.39e+7	4.34e+7	
42	98		Mo	1.77e+7	-	1.56e+7	1.50e+7	1.47e+7	1.45e+7	1.44e+7	1.43e+7	1.43e+7	1.44e+7	1.43e+7	1.44e+7	
42	99		Mo	4.18e+7	-	4.12e+7	3.95e+7	3.80e+7	3.67e+7	3.57e+7	3.39e+7	3.23e+7	3.09e+7	2.84e+7	2.62e+7	
43	99		Tc	1.10e+8	-	1.15e+8	1.16e+8	1.16e+8	1.15e+8	1.13e+8	1.10e+8	1.06e+8	1.04e+8	9.77e+7	8.97e+7	
44	100		Ru	3.12e+7	-	3.22e+7	3.16e+7	3.10e+7	3.04e+7	3.00e+7	2.94e+7	2.93e+7	2.94e+7	3.00e+7	3.13e+7	
44	101		Ru	1.43e+8	-	1.44e+8	1.44e+8	1.44e+8	1.45e+8	1.44e+8	1.43e+8	1.41e+8	1.39e+8	1.34e+8	1.28e+8	
44	102		Ru	2.71e+7	-	2.50e+7	2.39e+7	2.31e+7	2.25e+7	2.20e+7	2.13e+7	2.09e+7	2.02e+7	1.98e+7	1.93e+7	
44	103		Ru	6.91e+7	-	6.67e+7	6.40e+7	6.15e+7	5.95e+7	5.75e+7	5.39e+7	5.07e+7	4.79e+7	4.28e+7	3.87e+7	
44	104		Ru	2.70e+7	-	2.52e+7	2.43e+7	2.38e+7	2.31e+7	2.27e+7	2.22e+7	2.16e+7	2.13e+7	2.10e+7	2.11e+7	
44	96		Ru	2.46e+7	-	2.87e+7	3.04e+7	3.07e+7	3.04e+7	3.01e+7	2.94e+7	2.89e+7	2.84e+7	2.83e+7	2.87e+7	
44	98		Ru	2.74e+7	-	2.78e+7	2.73e+7	2.65e+7	2.58e+7	2.52e+7	2.42e+7	2.37e+7	2.33e+7	2.31e+7	2.32e+7	
44	99		Ru	7.29e+7	-	8.44e+7	9.02e+7	9.19e+7	9.16e+7	9.03e+7	8.65e+7	8.25e+7	7.87e+7	7.23e+7	6.67e+7	
45	103		Rh	1.12e+8	-	1.20e+8	1.27e+8	1.32e+8	1.34e+8	1.34e+8	1.32e+8	1.30e+8	1.27e+8	1.22e+8	1.19e+8	
46	102		Pd	5.25e+7	-	5.35e+7	5.39e+7	5.40e+7	5.38e+7	5.37e+7	5.34e+7	5.36e+7	5.39e+7	5.54e+7	5.74e+7	
46	104		Pd	4.07e+7	-	4.39e+7	4.38e+7	4.33e+7	4.26e+7	4.21e+7	4.13e+7	4.11e+7	4.10e+7	4.19e+7	4.37e+7	
46	105		Pd	1.51e+8	-	1.60e+8	1.65e+8	1.69e+8	1.72e+8	1.75e+8	1.78e+8	1.81e+8	1.84e+8	1.83e+8	1.79e+8	
46	106		Pd	4.16e+7	-	3.97e+7	3.85e+7	3.78e+7	3.72e+7	3.67e+7	3.60e+7	3.53e+7	3.48e+7	3.44e+7	3.42e+7	
46	107		Pd	1.62e+8	-	1.80e+8	1.88e+8	1.92e+8	1.94e+8	1.94e+8	1.94e+8	1.93e+8	1.90e+8	1.80e+8	1.69e+8	
46	108		Pd	3.30e+7	-	3.16e+7	3.08e+7	3.03e+7	2.99e+7	2.95e+7	2.91e+7	2.86e+7	2.84e+7	2.83e+7	2.79e+7	
46	110		Pd	2.67e+7	-	2.44e+7	2.31e+7	2.23e+7	2.17e+7	2.12e+7	2.05e+7	1.99e+7	1.94e+7	1.91e+7	1.88e+7	
47	107		Ag	9.52e+7	-	1.05e+8	1.10e+8	1.14e+8	1.18e+8	1.22e+8	1.28e+8	1.32e+8	1.34e+8	1.32e+8	1.35e+8	
47	109		Ag	9.91e+7	-	1.07e+8	1.09e+8	1.08e+8	1.02e+8	9.54e+7	7.89e+7	6.67e+7	5.79e+7	4.70e+7	4.07e+7	
47	110		Ag	1.28e+8	-	1.45e+8	1.62e+8	1.74e+8	1.82e+8	1.87e+8	1.95e+8	1.99e+8	2.00e+8	1.98e+8	1.94e+8	
48	106		Cd	4.07e+7	-	4.39e+7	4.47e+7	4.46e+7	4.40e+7	4.39e+7	4.37e+7	4.42e+7	4.49e+7	4.71e+7	4.97e+7	
48	108		Cd	2.95e+7	-	3.12e+7	3.11e+7	3.05e+7	2.96e+7	2.94e+7	2.87e+7	2.86e+7	2.86e+7	2.97e+7	3.10e+7	
48	110		Cd	0.00e+0	3.85e+7	3.83e+7	3.71e+7	3.60e+7	3.51e+7	3.45e+7	3.34e+7	3.31e+7	3.29e+7	3.33e+7	3.41e+7	
48	111		Cd	0.00e+0	1.00e+8	1.03e+8	1.06e+8	1.08e+8	1.09e+8	1.10e+8	1.10e+8	1.10e+8	1.10e+8	1.10e+8	1.10e+8	
48	112		Cd	0.00e+0	3.16e+7	3.10e+7	2.96e+7	2.86e+7	2.79e+7	2.73e+7	2.67e+7	2.65e+7	2.65e+7	2.74e+7	2.83e+7	
48	113		Cd	0.00e+0	9.29e+7	9.47e+7	9.67e+7	9.73e+7	9.73e+7	9.70e+7	9.69e+7	9.75e+7	9.90e+7	1.03e+8	1.06e+8	
48	114		Cd	0.00e+0	2.15e+7	2.12e+7	2.03e+7	1.96e+7	1.91e+7	1.88e+7	1.85e+7	1.84e+7	1.85e+7	1.91e+7	1.99e+7	
48	115	g	Cd	4.20e+7	-	4.19e+7	4.20e+7	4.20e+7	4.22e+7	4.25e+7	4.36e+7	4.52e+7	4.64e+7	4.70e+7	4.60e+7	
48	115	m	Cd	-	-	-	-	-	-	5.29e+7	-	-	-	-	-	
48	116		Cd	0.00e+0	1.19e+7	1.18e+7	1.15e+7	1.13e+7	1.10e+7	1.09e+7	1.08e+7	1.09e+7	1.09e+7	1.14e+7	1.21e+7	
49	113		In	1.37e+8	-	1.28e+8	1.23e+8	1.19e+8	1.17e+8	1.14e+8	1.11e+8	1.09e+8	1.07e+8	1.04e+8	1.03e+8	
49	114	m	In	-	-	-	-	-	-	3.16e+8	-	-	-	-	-	
49	115		In	9.62e+7	-	9.99e+7	1.01e+8	1.02e+8	1.02e+8	1.03e+8	1.03e+8	1.03e+8	1.04e+8	1.06e+8	1.09e+8	
50	112		Sn	2.85e+7	-	3.11e+7	3.15e+7	3.14e+7	3.01e+7	3.06e+7	3.43e+7	2.99e+7	2.98e+7	3.04e+7	3.16e+7	
50	114		Sn	2.41e+7	-	2.09e+7	2.03e+7	2.02e+7	1.98e+7	1.96e+7	1.93e+7	1.92e+7	1.93e+7	2.00e+7	2.10e+7	
50	115		Sn	4.44e+7	-	4.63e+7	4.77e+7	4.91e+7	4.95e+7	4.98e+7	5.02e+7	5.05e+7	5.08e+7	5.21e+7	5.34e+7	
50	116		Sn	1.67e+7	-	1.44e+7	1.38e+7	1.38e+7	1.35e+7	1.33e+7	1.31e+7	1.31e+7	1.34e+7	1.38e+7	1.43e+7	
50	117		Sn	4.43e+7	-	4.61e+7	4.68e+7	4.70e+7	4.67e+7	4.64e+7	4.54e+7	4.49e+7	4.46e+7	4.52e+7	4.64e+7	
50	118		Sn	1.34e+7	-	1.06e+7	9.77e+6	9.50e+6	9.16e+6	9.03e+6	8.90e+6	8.83e+6	9.05e+6	9.50e+6	9.83e+6	
50	119		Sn	3.32e+7	-	3.30e+7	3.19e+7	3.09e+7	3.05e+7	3.04e+7	3.04e+7	3.04e+7	3.05e+7	3.12e+7	3.23e+7	
50	120		Sn	7.72e+6	-	6.05e+6	5.66e+6	5.46e+6	5.31e+6	5.24e+6	5.21e+6	5.26e+6	5.35e+6	5.46e+6	5.84e+6	
50	121		Sn	3.42e+7	-	3.24e+7	3.04e+7	2.87e+7	2.72e+7	2.61e+7	2.42e+7	2.31e+7	2.21e+7	2.11e+7	2.04e+7	
50	122		Sn	4.33e+6	-	3.89e+6	3.56e+6	3.36e+6	3.25e+6	3.19e+6	3.16e+6	3.14e+6	3.15e+6	3.11e+6	3.05e+6	
50	124		Sn	4.30e+6	-	2.96e+6	2.38e+6	2.05e+6	1.87e+6	1.75e+6	1.60e+6	1.50e+6	1.46e+6	1.38e+6	1.33e+6	
50	125		Sn	1.25e+7	-	1.10e+7	1.00e+7	9.48e+6	9.03e+6	8.59e+6	8.09e+6	7.74e+6	7.43e+6	7.11e+6	6.83e+6	
50	126		Sn	1.54e+6	-	1.60e+6	1.54e+6	1.42e+6	1.46e+6	1.45e+6	1.34e+6	1.31e+6	1.32e+6	1.31e+6	1.33e+6	
51	121		Sb	7.72e+7	-	7.22e+7	7.54e+7	7.68e+7	7.71e+7	7.71e+7	7.65e+7	7.59e+7	7.54e+7	7.48e+7	7.47e+7	
51	122		Sb	1.14e+8	-	1.16e+8	1.23e+8	1.27e+8	1.28e+8	1.27e+8	1.25e+8	1.21e+8	1.17e+8	1.10e+8	1.04e+8	
51	123		Sb	4.78e+7	-	4.61e+7	4.54e+7	4.48e+7	4.43e+7	4.40e+7	4.33e+7	4.26e+7	4.19e+7	4.05e+7	3.95e+7	
51	125		Sb	4.57e+7	-	4.27e+7	4.11e+7	4.00e+7	3.92e+7	3.78e+7	3.73e+7	3.66e+7	3.60e+7	3.54e+7	3.46e+7	
52	120		Te	7.26e+7	-	7.29e+7	7.35e+7	7.42e+7	7.48e+7	7.55e+7	7.69e+7	7.85e+7	8.04e+7	8.46e+7	8.97e+7	
52	122		Te	5.19e+7	-	4.54e+7	4.39e+7	4.37e+7	4.33e+7	4.29e+7	4.28e+7	4.32e+7	4.40e+7	4.59e+7	4.82e+7	
52	123		Te	1.18e+8	-	1.21e+8	1.21e+8	1.21e+8	1.21e+8	1.21e+8	1.22e+8	1.24e+8	1.28e+8	1.36e+8	1.42e+8	
52	124		Te	2.83e+7	-	2.43e+7	2.32e+7	2.32e+7	2.27e+7	2.25e+7	2.23e+7	2.25e+7	2.30e+7	2.40e+7	2.54e+7	
52	125		Te	7.06e+7	-	6.90e+7	6.90e+7	6.94e+7	6.92e+7	6.91e+7	7.01e+7	7.17e+7	7.34e+7	7.55e+7	7.56e+7	
52	126		Te	1.48e+7	-	1.28e+7	1.23e+7	1.22e+7	1.19e+7	1.18e+7	1.18e+7	1.16e+7	1.17e+7	1.21e+7	1.28e+7	
52	128		Te	5.40e+6	-	5.88e+6	6.07e+6	6.17e+6	6.37e+6	6.46e+6	6.55e+6	6.95e+6	7.20e+6	7.60e+6	8.24e+6	
52	130		Te	2.08e+6	-	2.18e+6	2.16e+6	2.14e+6	2.12e+6	2.14e+6	2.18e+6	2.25e+6	2.26e+6	2.28e+6	2.42e+6	
53	127		I	9.85e+7	-	9.60e+7	9.51e+7	9.39e+7	9.26e+7	9.11e+7	8.87e+7	8.67e+7	8.52e+7	8.19e+7	8.06e+7	
53	129		I	6.73e+7	-	6.67e+7	6.50e+7	6.31e+7	6.15e+7	6.01e+7	5.81e+7	5.66e+7	5.54e+7	5.35e+7	4.77e+7	
54	124		Xe	1.06e+8	-	8.72e+7	8.81e+7	9.00e+7	9.19e+7	9.37e+7	9.71e+7	1.01e+8	1.05e+8	1.14e+8	1.24e+8	
54	126		Xe	5.34e+7	-	5.07e+7	5.05e+7	5.09e+7	5.15e+7	5.22e+7	5.37e+7	5.55e+7	5.75e+7	6.20e+7	6.65e+7	
54	128		Xe	-	3.94e+7	3.95e+7	3.92e+7	3.87e+7	3.84e+7	3.82e+7	3.83e+7	3.87e+7	3.96e+7	4.15e+7	4.40e+7	
54	129		Xe	-	9.56e+7	9.67e+7	9.76e+7	9.74e+7	9.69e+7	9.61e+7	9.53e+7	9.59e+7	9.78e+7	1.01e+8	1.04e+8	
54	130		Xe	-	1.93e+7	1.94e+7	1.93e+7	1.92e+7	1.92e+7	1.92e+7	1.95e+7	1.97e+7	2.02e+7	2.12e+7	2.23e+7	
54	131		Xe	6.17e+7	-	5.55e+7	5.28e+7	5.11e+7	4.99e+7	4.89e+7	4.81e+7	4.83e+7	4.89e+7	4.94e+7	4.88e+7	
54	132		Xe	9.91e+6	-	9.99e+6	9.81e+6	9.79e+6	9.50e+6	9.39e+6	9.18e+6	9.33e+6	9.40e+6	9.69e+6	1.00e+7	
54	133		Xe	2.21e+7	-	2.04e+7	1.96e+7	1.91e+7	1.87e+7	1.85e+7	1.82e+7	1.81e+7	1.81e+7	1.85e+7	1.86e+7	
54	134		Xe	2.82e+6	-	2.95e+6	2.97e+6	2.96e+6	2.95e+6	2.94e+6	2.92e+6	2.98e+6	2.96e+6	3.04e+6	3.16e+6	
54	136		Xe	3.32e+5	-	2.01e+5	1.64e+5	1.54e+5	1.46e+5	1.32e+5	1.21e+5	1.13e+5	1.07e+5	9.73e+4	9.29e+4	
55	133		Cs	8.10e+7	-	7.81e+7	7.65e+7	7.52e+7	7.40e+7	7.27e+7	7.02e+7	6.79e+7	6.57e+7	6.23e+7	5.97e+7	
55	134		Cs	1.41e+8	1.33e+8	1.23e+8	1.16e+8	1.11e+8	1.07e+8	1.05e+8	9.99e+7	9.63e+7	9.31e+7	8.73e+7	8.29e+7	
55	135		Cs	3.28e+7	2.87e+7	2.76e+7	2.58e+7	2.47e+7	2.39e+7	2.33e+7	2.25e+7	2.19e+7	2.14e+7	2.07e+7	2.03e+7	
56	130		Ba	1.01e+8	-	1.01e+8	1.03e+8	1.05e+8	1.06e+8	1.08e+8	1.12e+8	1.17e+8	1.21e+8	1.31e+8	1.44e+8	
56	132		Ba	5.47e+7	-	5.36e+7	5.44e+7	5.54e+7	5.65e+7	5.77e+7	5.99e+7	6.21e+7	6.44e+7	6.92e+7	7.47e+7	
56	134		Ba	2.14e+7	-	2.38e+7	2.42e+7	2.47e+7	2.52e+7	2.56e+7	2.60e+7	2.65e+7	2.69e+7	2.78e+7	2.88e+7	
56	135		Ba	7.56e+7	-	7.10e+7	6.91e+7	6.80e+7	6.70e+7	6.61e+7	6.52e+7	6.50e+7	6.55e+7	6.76e+7	7.05e+7	
56	136		Ba	1.07e+7	-	9.65e+6	9.29e+6	9.13e+6	9.00e+6	8.90e+6	8.81e+6	8.67e+6	9.00e+6	9.33e+6	9.75e+6	
56	137		Ba	1.22e+7	-	1.18e+7	1.14e+7	1.13e+7	1.12e+7	1.11e+7	1.10e+7	1.10e+7	1.10e+7	1.11e+7	1.11e+7	
56	138		Ba	7.95e+5	-	6.59e+5	6.10e+5	5.88e+5	5.81e+5	5.81e+5	5.86e+5	5.89e+5	5.94e+5	5.98e+5	5.92e+5	
57	138		La	7.68e+7	-	6.17e+7	6.09e+7	6.08e+7	6.06e+7	5.99e+7	5.83e+7	5.64e+7	5.41e+7	5.01e+7	4.65e+7	
57	139		La	6.60e+6	5.61e+6	5.30e+6	4.94e+6	4.78e+6	4.73e+6	4.70e+6	4.62e+6	4.37e+6	4.42e+6	4.18e+6	3.79e+6	
58	132		Ce	3.00e+8	-	2.35e+8	2.28e+8	2.27e+8	2.27e+8	2.28e+8	2.32e+8	2.39e+8	2.47e+8	2.69e+8	2.95e+8	
58	133		Ce	4.34e+8	-	4.05e+8	4.49e+8	4.83e+8	5.05e+8	5.19e+8	5.32e+8	5.38e+8	5.38e+8	5.37e+8	5.34e+8	
58	134		Ce	1.96e+8	-	1.45e+8	1.39e+8	1.39e+8	1.39e+8	1.41e+8	1.45e+8	1.50e+8	1.56e+8	1.70e+8	1.86e+8	
58	135		Ce	2.42e+8	-	2.00e+8	1.97e+8	1.96e+8	1.95e+8	1.95e+8	1.95e+8	1.97e+8	1.99e+8	2.06e+8	2.16e+8	
58	136		Ce	6.03e+7	-	4.36e+7	4.20e+7	4.23e+7	4.29e+7	4.36e+7	4.55e+7	4.75e+7	4.95e+7	5.41e+7	5.74e+7	
58	137		Ce	1.88e+8	-	1.49e+8	1.45e+8	1.43e+8	1.42e+8	1.41e+8	1.41e+8	1.44e+8	1.48e+8	1.59e+8	1.72e+8	
58	138		Ce	2.74e+7	-	2.54e+7	2.52e+7	2.54e+7	2.56e+7	2.60e+7	2.69e+7	2.78e+7	2.88e+7	3.06e+7	3.21e+7	
58	139		Ce	4.56e+7	-	3.35e+7	3.20e+7	3.15e+7	3.12e+7	3.11e+7	3.10e+7	3.11e+7	3.11e+7	3.14e+7	3.31e+7	
58	140		Ce	1.36e+6	-	1.64e+6	1.64e+6	1.60e+6	1.59e+6	1.60e+6	1.59e+6	1.63e+6	1.67e+6	1.71e+6	1.75e+6	
58	141		Ce	1.54e+7	-	1.32e+7	1.22e+7	1.17e+7	1.13e+7	1.10e+7	1.07e+7	1.05e+7	1.03e+7	1.02e+7	1.04e+7	
58	142		Ce	4.27e+6	-	4.07e+6	4.02e+6	4.01e+6	4.03e+6	4.07e+6	4.18e+6	4.30e+6	4.46e+6	4.75e+6	5.07e+6	
59	141		Pr	2.44e+7	-	2.07e+7	1.87e+7	1.76e+7	1.67e+7	1.62e+7	1.53e+7	1.46e+7	1.40e+7	1.32e+7	1.26e+7	
59	142		Pr	1.08e+8	-	8.34e+7	7.84e+7	7.48e+7	7.11e+7	6.76e+7	6.11e+7	5.61e+7	5.20e+7	4.61e+7	4.41e+7	
59	143		Pr	7.04e+7	-	6.11e+7	5.67e+7	5.35e+7	5.11e+7	4.91e+7	4.60e+7	4.37e+7	4.20e+7	3.95e+7	3.78e+7	
60	142		Nd	5.85e+6	-	5.46e+6	5.27e+6	5.15e+6	5.10e+6	5.09e+6	5.15e+6	5.20e+6	5.24e+6	5.44e+6	5.57e+6	
60	143		Nd	5.49e+7	-	4.43e+7	4.03e+7	3.81e+7	3.66e+7	3.56e+7	3.42e+7	3.35e+7	3.30e+7	3.26e+7	3.26e+7	
60	144		Nd	1.42e+7	-	1.23e+7	1.18e+7	1.17e+7	1.17e+7	1.18e+7	1.19e+7	1.21e+7	1.24e+7	1.29e+7	1.34e+7	
60	145		Nd	8.79e+7	-	7.50e+7	6.91e+7	6.50e+7	6.15e+7	5.85e+7	5.37e+7	5.04e+7	4.78e+7	4.47e+7	4.27e+7	
60	146		Nd	1.25e+7	-	1.23e+7	1.25e+7	1.27e+7	1.30e+7	1.33e+7	1.38e+7	1.43e+7	1.48e+7	1.57e+7	1.65e+7	
60	147		Nd	1.30e+8	-	1.04e+8	9.28e+7	8.60e+7	8.11e+7	7.72e+7	7.11e+7	6.67e+7	6.31e+7	5.78e+7	5.44e+7	
60	148		Nd	2.46e+7	-	2.23e+7	2.15e+7	2.10e+7	2.11e+7	2.14e+7	2.18e+7	2.26e+7	2.33e+7	2.43e+7	2.55e+7	
60	150		Nd	3.51e+7	-	2.96e+7	2.68e+7	2.52e+7	2.42e+7	2.34e+7	2.47e+7	2.23e+7	2.24e+7	2.34e+7	2.51e+7	
61	147		Pm	1.34e+8	-	1.15e+8	1.08e+8	1.05e+8	1.03e+8	1.01e+8	9.93e+7	9.82e+7	9.61e+7	9.74e+7	9.74e+7	
61	148	g	Pm	8.00e+8	-	5.40e+8	4.88e+8	4.60e+8	4.43e+8	4.33e+8	4.28e+8	4.26e+8	4.18e+8	3.89e+8	3.53e+8	
61	148	m	Pm	-	-	-	-	-	-	2.23e+8	-	-	-	-	-	
61	149		Pm	5.77e+8	-	4.65e+8	4.18e+8	3.91e+8	3.74e+8	3.62e+8	3.44e+8	3.28e+8	3.13e+8	2.83e+8	2.55e+8	
62	144		Sm	1.29e+7	-	1.30e+7	1.29e+7	1.31e+7	1.33e+7	1.34e+7	1.38e+7	1.41e+7	1.44e+7	1.52e+7	1.59e+7	
62	147		Sm	1.93e+8	-	1.65e+8	1.54e+8	1.48e+8	1.44e+8	1.41e+8	1.36e+8	1.33e+8	1.30e+8	1.27e+8	1.24e+8	
62	148		Sm	3.94e+7	-	3.48e+7	3.39e+7	3.41e+7	3.44e+7	3.50e+7	3.64e+7	3.81e+7	3.99e+7	4.36e+7	4.70e+7	
62	149		Sm	4.32e+8	-	3.26e+8	2.86e+8	2.66e+8	2.52e+8	2.43e+8	2.32e+8	2.27e+8	2.24e+8	2.21e+8	2.19e+8	
62	150		Sm	6.98e+7	-	6.23e+7	6.03e+7	5.99e+7	6.04e+7	6.13e+7	6.38e+7	6.67e+7	6.95e+7	7.52e+7	8.07e+7	
62	151		Sm	0.00e+0	5.27e+8	4.60e+8	4.32e+8	4.13e+8	3.99e+8	3.87e+8	3.69e+8	3.56e+8	3.48e+8	3.25e+8	3.07e+8	
62	152		Sm	7.41e+7	-	7.24e+7	7.07e+7	6.94e+7	7.01e+7	7.11e+7	7.40e+7	7.67e+7	7.92e+7	8.46e+7	8.97e+7	
62	153		Sm	3.19e+8	-	2.57e+8	2.31e+8	2.15e+8	2.05e+8	1.97e+8	1.85e+8	1.75e+8	1.67e+8	1.54e+8	1.45e+8	
62	154		Sm	3.33e+7	-	3.32e+7	3.29e+7	3.30e+7	3.35e+7	3.37e+7	3.45e+7	3.53e+7	3.60e+7	3.77e+7	3.99e+7	
63	151		Eu	7.44e+8	-	7.17e+8	7.27e+8	7.45e+8	7.62e+8	7.73e+8	7.82e+8	7.77e+8	7.62e+8	7.19e+8	6.65e+8	
63	152		Eu	1.23e+9	-	1.14e+9	1.14e+9	1.12e+9	1.07e+9	1.01e+9	8.86e+8	7.95e+8	7.27e+8	6.37e+8	5.78e+8	
63	153		Eu	4.22e+8	-	3.89e+8	3.79e+8	3.74e+8	3.69e+8	3.63e+8	3.47e+8	3.32e+8	3.19e+8	3.01e+8	2.91e+8	
63	154		Eu	7.68e+8	-	6.57e+8	6.58e+8	6.50e+8	6.30e+8	6.04e+8	5.47e+8	4.98e+8	4.59e+8	4.04e+8	3.67e+8	
63	155		Eu	2.77e+8	-	2.35e+8	2.17e+8	2.05e+8	1.96e+8	1.89e+8	1.75e+8	1.64e+8	1.54e+8	1.39e+8	1.28e+8	
64	152		Gd	1.94e+8	-	1.64e+8	1.55e+8	1.52e+8	1.51e+8	1.52e+8	1.57e+8	1.63e+8	1.70e+8	1.85e+8	2.00e+8	
64	153		Gd	9.66e+8	-	7.63e+8	7.33e+8	7.14e+8	6.96e+8	6.78e+8	6.45e+8	6.14e+8	5.87e+8	5.42e+8	5.06e+8	
64	154		Gd	1.66e+8	-	1.56e+8	1.52e+8	1.50e+8	1.53e+8	1.57e+8	1.67e+8	1.78e+8	1.87e+8	2.03e+8	2.18e+8	
64	155		Gd	4.31e+8	-	4.22e+8	4.10e+8	3.99e+8	3.93e+8	3.88e+8	3.79e+8	3.70e+8	3.61e+8	3.44e+8	3.27e+8	
64	156		Gd	9.66e+7	-	9.38e+7	9.26e+7	9.38e+7	9.73e+7	1.01e+8	1.08e+8	1.13e+8	1.17e+8	1.25e+8	1.31e+8	
64	157		Gd	2.52e+8	-	2.35e+8	2.20e+8	2.09e+8	2.01e+8	1.94e+8	1.83e+8	1.75e+8	1.69e+8	1.61e+8	1.54e+8	
64	158		Gd	4.99e+7	-	5.00e+7	4.99e+7	5.06e+7	5.20e+7	5.33e+7	5.54e+7	5.71e+7	5.83e+7	6.10e+7	6.39e+7	
64	160		Gd	3.24e+7	-	2.61e+7	2.54e+7	2.52e+7	2.52e+7	2.53e+7	2.56e+7	2.59e+7	2.61e+7	2.86e+7	2.86e+7	
65	159		Tb	2.59e+8	-	2.46e+8	2.42e+8	2.42e+8	2.37e+8	2.36e+8	2.34e+8	2.35e+8	2.34e+8	2.33e+8	2.29e+8	
65	160		Tb	5.43e+8	-	4.63e+8	4.70e+8	4.72e+8	4.66e+8	4.56e+8	4.29e+8	4.01e+8	3.76e+8	3.37e+8	3.08e+8	
66	156		Dy	2.58e+8	-	2.37e+8	2.32e+8	2.32e+8	2.36e+8	2.42e+8	2.60e+8	2.79e+8	2.97e+8	3.28e+8	3.56e+8	
66	158		Dy	1.89e+8	-	1.64e+8	1.56e+8	1.54e+8	1.55e+8	1.59e+8	1.70e+8	1.83e+8	1.94e+8	2.13e+8	2.27e+8	
66	160		Dy	1.34e+8	-	1.32e+8	1.32e+8	1.35e+8	1.40e+8	1.45e+8	1.55e+8	1.63e+8	1.69e+8	1.79e+8	1.88e+8	
66	161		Dy	3.38e+8	-	3.25e+8	3.13e+8	3.01e+8	2.91e+8	2.82e+8	2.65e+8	2.52e+8	2.41e+8	2.25e+8	2.14e+8	
66	162		Dy	6.70e+7	-	6.69e+7	6.72e+7	6.98e+7	7.30e+7	7.60e+7	8.03e+7	8.30e+7	8.49e+7	8.85e+7	9.16e+7	
66	163		Dy	1.88e+8	-	1.79e+8	1.72e+8	1.67e+8	1.64e+8	1.61e+8	1.55e+8	1.51e+8	1.46e+8	1.37e+8	1.28e+8	
66	164		Dy	3.51e+7	-	3.41e+7	3.37e+7	3.44e+7	3.52e+7	3.60e+7	3.68e+7	3.77e+7	3.83e+7	3.95e+7	4.07e+7	
67	163		Ho	3.44e+8	-	2.84e+8	2.95e+8	3.06e+8	3.05e+8	3.08e+8	3.12e+8	3.14e+8	3.16e+8	3.16e+8	3.12e+8	
67	165		Ho	1.96e+8	-	1.94e+8	1.92e+8	1.90e+8	1.88e+8	1.86e+8	1.82e+8	1.79e+8	1.77e+8	1.75e+8	1.75e+8	
68	162		Er	2.91e+8	-	2.22e+8	2.22e+8	2.31e+8	2.43e+8	2.58e+8	2.86e+8	3.11e+8	3.31e+8	3.65e+8	3.96e+8	
68	164		Er	1.82e+8	-	1.63e+8	1.58e+8	1.59e+8	1.64e+8	1.71e+8	1.85e+8	1.97e+8	2.06e+8	2.19e+8	2.33e+8	
68	166		Er	7.73e+7	-	8.14e+7	8.25e+7	8.30e+7	8.40e+7	8.55e+7	9.01e+7	9.65e+7	1.03e+8	1.16e+8	1.26e+8	
68	167		Er	2.64e+8	-	2.36e+8	2.25e+8	2.15e+8	2.08e+8	2.04e+8	1.99e+8	1.99e+8	2.02e+8	2.09e+8	2.16e+8	
68	168		Er	4.69e+7	-	4.99e+7	5.10e+7	5.23e+7	5.39e+7	5.56e+7	5.82e+7	6.06e+7	6.24e+7	6.62e+7	7.11e+7	
68	169		Er	1.14e+8	-	1.04e+8	1.01e+8	9.88e+7	9.67e+7	9.48e+7	9.12e+7	8.80e+7	8.53e+7	8.07e+7	7.78e+7	
68	170		Er	3.56e+7	-	3.14e+7	2.91e+7	2.82e+7	2.78e+7	2.78e+7	2.80e+7	2.83e+7	2.89e+7	3.05e+7	3.27e+7	
69	169		Tm	2.38e+8	-	2.55e+8	2.82e+8	3.08e+8	3.27e+8	3.40e+8	3.50e+8	3.49e+8	3.43e+8	3.28e+8	3.15e+8	
69	170		Tm	2.93e+8	-	2.56e+8	2.67e+8	2.76e+8	2.83e+8	2.87e+8	2.93e+8	2.93e+8	2.90e+8	2.79e+8	2.66e+8	
69	171		Tm	1.08e+8	-	9.96e+7	9.71e+7	9.61e+7	9.56e+7	9.57e+7	9.62e+7	9.72e+7	9.82e+7	1.01e+8	1.02e+8	
70	168		Yb	1.78e+8	-	1.72e+8	1.74e+8	1.79e+8	1.87e+8	1.95e+8	2.08e+8	2.18e+8	2.25e+8	2.35e+8	2.45e+8	
70	170		Yb	1.10e+8	-	1.11e+8	1.12e+8	1.17e+8	1.23e+8	1.28e+8	1.38e+8	1.44e+8	1.49e+8	1.58e+8	1.65e+8	
70	171		Yb	1.81e+8	-	1.83e+8	1.81e+8	1.83e+8	1.85e+8	1.88e+8	1.89e+8	1.88e+8	1.85e+8	1.79e+8	1.75e+8	
70	172		Yb	4.90e+7	-	5.03e+7	5.12e+7	5.35e+7	5.60e+7	5.82e+7	6.13e+7	6.34e+7	6.49e+7	6.74e+7	7.00e+7	
70	173		Yb	1.30e+8	-	1.22e+8	1.17e+8	1.14e+8	1.11e+8	1.09e+8	1.05e+8	1.02e+8	9.93e+7	9.52e+7	9.17e+7	
70	174		Yb	2.22e+7	-	2.28e+7	2.29e+7	2.36e+7	2.43e+7	2.49e+7	2.56e+7	2.64e+7	2.69e+7	2.81e+7	2.92e+7	
70	175		Yb	9.36e+7	-	8.65e+7	8.38e+7	8.25e+7	8.14e+7	8.06e+7	7.89e+7	7.72e+7	7.53e+7	7.13e+7	6.75e+7	
70	176		Yb	1.75e+7	-	1.79e+7	1.79e+7	1.82e+7	1.85e+7	1.89e+7	1.94e+7	1.97e+7	2.01e+7	2.07e+7	2.19e+7	
71	175		Lu	0.00e+0	2.00e+8	1.94e+8	1.85e+8	1.81e+8	1.78e+8	1.77e+8	1.74e+8	1.71e+8	1.68e+8	1.60e+8	1.50e+8	
71	176		Lu	0.00e+0	2.69e+8	2.61e+8	2.49e+8	2.43e+8	2.39e+8	2.38e+8	2.36e+8	2.34e+8	2.30e+8	2.18e+8	2.00e+8	
72	174		Hf	1.50e+8	-	1.24e+8	1.30e+8	1.38e+8	1.48e+8	1.58e+8	1.75e+8	1.90e+8	2.02e+8	2.23e+8	2.43e+8	
72	176		Hf	0.00e+0	9.47e+7	9.32e+7	9.21e+7	9.36e+7	9.64e+7	1.00e+8	1.07e+8	1.12e+8	1.26e+8	1.27e+8	1.36e+8	
72	177		Hf	0.00e+0	2.44e+8	2.39e+8	2.31e+8	2.27e+8	2.25e+8	2.24e+8	2.23e+8	2.23e+8	2.23e+8	2.23e+8	2.21e+8	
72	178		Hf	0.00e+0	4.75e+7	4.66e+7	4.62e+7	4.74e+7	4.91e+7	5.12e+7	5.47e+7	5.76e+7	5.98e+7	6.40e+7	6.77e+7	
72	179		Hf	0.00e+0	1.52e+8	1.47e+8	1.40e+8	1.37e+8	1.35e+8	1.33e+8	1.31e+8	1.29e+8	1.27e+8	1.22e+8	1.18e+8	
72	180		Hf	0.00e+0	2.20e+7	2.21e+7	2.25e+7	2.32e+7	2.41e+7	2.49e+7	2.61e+7	2.71e+7	2.78e+7	2.94e+7	3.08e+7	
72	181		Hf	3.41e+7	-	3.20e+7	3.13e+7	3.08e+7	3.03e+7	3.00e+7	2.94e+7	2.91e+7	2.87e+7	2.83e+7	2.80e+7	
72	182		Hf	1.96e+7	-	1.92e+7	1.96e+7	2.04e+7	2.12e+7	2.20e+7	2.34e+7	2.40e+7	2.50e+7	2.62e+7	2.80e+7	
73	179		Ta	1.69e+8	-	1.63e+8	1.77e+8	1.85e+8	1.91e+8	1.95e+8	2.00e+8	2.03e+8	2.04e+8	2.06e+8	2.05e+8	
73	180	m	Ta	0.00e+0	2.29e+8	1.88e+8	1.85e+8	1.84e+8	1.85e+8	1.86e+8	1.88e+8	1.90e+8	1.92e+8	1.95e+8	1.95e+8	
73	181		Ta	1.67e+8	-	1.39e+8	1.28e+8	1.22e+8	1.17e+8	1.14e+8	1.10e+8	1.07e+8	1.04e+8	9.98e+7	9.70e+7	
73	182		Ta	1.47e+8	-	1.37e+8	1.48e+8	1.56e+8	1.61e+8	1.64e+8	1.65e+8	1.62e+8	1.58e+8	1.47e+8	1.36e+8	
74	180		W	1.06e+8	-	9.73e+7	1.02e+8	9.60e+7	9.89e+7	1.03e+8	1.11e+8	1.19e+8	1.25e+8	1.36e+8	1.37e+8	
74	182		W	3.78e+7	-	3.85e+7	3.90e+7	3.98e+7	4.11e+7	4.26e+7	4.56e+7	4.85e+7	5.10e+7	5.60e+7	6.02e+7	
74	183		W	9.45e+7	-	8.69e+7	8.35e+7	8.19e+7	8.12e+7	8.10e+7	8.12e+7	8.18e+7	8.22e+7	8.30e+7	8.42e+7	
74	184		W	4.08e+7	-	3.44e+7	3.26e+7	3.25e+7	3.32e+7	3.43e+7	3.64e+7	3.82e+7	3.95e+7	4.18e+7	4.38e+7	
74	185		W	9.75e+7	-	9.08e+7	8.62e+7	8.27e+7	7.99e+7	7.77e+7	7.44e+7	7.23e+7	7.14e+7	7.01e+7	6.94e+7	
74	186		W	3.57e+7	-	3.15e+7	3.10e+7	3.16e+7	3.29e+7	3.48e+7	3.61e+7	4.05e+7	4.28e+7	4.71e+7	5.13e+7	
75	185		Re	2.04e+8	-	1.84e+8	1.98e+8	2.08e+8	2.17e+8	2.23e+8	2.32e+8	2.39e+8	2.44e+8	2.52e+8	2.57e+8	
75	186		Re	1.85e+8	-	1.80e+8	1.99e+8	2.13e+8	2.24e+8	2.34e+8	2.51e+8	2.65e+8	2.74e+8	2.82e+8	2.82e+8	
75	187		Re	2.23e+8	-	1.67e+8	1.66e+8	1.67e+8	1.67e+8	1.68e+8	1.69e+8	1.69e+8	1.68e+8	1.67e+8	1.65e+8	
76	184		Os	9.27e+7	-	8.56e+7	8.39e+7	8.44e+7	8.61e+7	8.88e+7	9.53e+7	1.02e+8	1.08e+8	1.18e+8	1.28e+8	
76	186		Os	6.56e+7	5.91e+7	5.73e+7	5.59e+7	5.68e+7	5.90e+7	6.17e+7	6.82e+7	7.41e+7	7.90e+7	8.70e+7	9.37e+7	
76	187		Os	2.26e+8	1.94e+8	1.95e+8	1.83e+8	1.75e+8	1.71e+8	1.67e+8	1.63e+8	1.61e+8	1.59e+8	1.58e+8	1.59e+8	
76	188		Os	4.52e+7	4.00e+7	3.87e+7	3.82e+7	3.93e+7	4.11e+7	4.32e+7	4.78e+7	5.24e+7	5.63e+7	6.34e+7	6.91e+7	
76	189		Os	2.60e+8	-	2.17e+8	2.03e+8	1.96e+8	1.91e+8	1.87e+8	1.81e+8	1.77e+8	1.73e+8	1.66e+8	1.61e+8	
76	190		Os	4.03e+7	-	3.78e+7	3.77e+7	3.82e+7	3.91e+7	4.00e+7	4.22e+7	4.44e+7	4.66e+7	5.05e+7	5.33e+7	
76	191		Os	1.94e+8	-	1.88e+8	1.86e+8	1.85e+8	1.84e+8	1.83e+8	1.79e+8	1.74e+8	1.68e+8	1.57e+8	1.47e+8	
76	192		Os	2.47e+7	-	2.26e+7	2.21e+7	2.21e+7	2.23e+7	2.26e+7	2.34e+7	2.42e+7	2.48e+7	2.60e+7	2.67e+7	
77	191		Ir	2.64e+8	-	2.39e+8	2.29e+8	2.23e+8	2.20e+8	2.19e+8	2.15e+8	2.13e+8	2.12e+8	2.12e+8	2.13e+8	
77	192		Ir	2.56e+8	-	2.38e+8	2.60e+8	2.76e+8	2.88e+8	2.97e+8	3.08e+8	3.14e+8	3.16e+8	3.17e+8	3.15e+8	
77	193		Ir	1.84e+8	-	1.68e+8	1.59e+8	1.54e+8	1.52e+8	1.52e+8	1.53e+8	1.54e+8	1.55e+8	1.59e+8	1.64e+8	
78	190		Pt	7.67e+7	-	7.16e+7	7.07e+7	7.11e+7	7.23e+7	7.38e+7	7.75e+7	8.15e+7	8.60e+7	9.64e+7	1.07e+8	
78	192		Pt	8.03e+7	-	7.89e+7	8.00e+7	8.17e+7	8.35e+7	8.57e+7	9.02e+7	9.51e+7	1.00e+8	1.12e+8	1.23e+8	
78	193		Pt	2.18e+8	-	1.88e+8	1.98e+8	2.05e+8	2.10e+8	2.14e+8	2.19e+8	2.23e+8	2.26e+8	2.34e+8	2.41e+8	
78	194		Pt	5.18e+7	-	5.01e+7	5.02e+7	5.12e+7	5.20e+7	5.30e+7	5.54e+7	5.78e+7	6.04e+7	6.58e+7	7.09e+7	
78	195		Pt	1.28e+8	-	1.25e+8	1.24e+8	1.25e+8	1.25e+8	1.25e+8	1.25e+8	1.24e+8	1.24e+8	1.24e+8	1.24e+8	
78	196		Pt	2.88e+7	-	2.65e+7	2.60e+7	2.60e+7	2.62e+7	2.66e+7	2.75e+7	2.86e+7	2.97e+7	3.20e+7	3.38e+7	
78	198		Pt	1.67e+7	-	1.46e+7	1.38e+7	1.35e+7	1.34e+7	1.34e+7	1.36e+7	1.40e+7	1.43e+7	1.50e+7	1.58e+7	
79	197		Au	1.22e+8	-	1.01e+8	9.26e+7	8.79e+7	8.48e+7	8.28e+7	8.01e+7	7.85e+7	7.79e+7	7.76e+7	7.86e+7	
79	198		Au	1.25e+8	-	1.06e+8	1.12e+8	1.15e+8	1.16e+8	1.17e+8	1.15e+8	1.12e+8	1.08e+8	9.90e+7	9.01e+7	
80	196		Hg	3.44e+7	-	3.03e+7	2.96e+7	2.94e+7	2.96e+7	2.96e+7	2.98e+7	3.00e+7	3.02e+7	3.08e+7	3.14e+7	
80	198		Hg	3.49e+7	-	2.67e+7	2.46e+7	2.43e+7	2.47e+7	2.51e+7	2.67e+7	2.81e+7	2.98e+7	3.33e+7	3.68e+7	
80	199		Hg	7.99e+7	-	6.33e+7	5.65e+7	5.54e+7	5.46e+7	5.46e+7	5.53e+7	5.59e+7	5.60e+7	5.59e+7	5.65e+7	
80	200		Hg	1.92e+7	-	1.66e+7	1.59e+7	1.60e+7	1.63e+7	1.67e+7	1.78e+7	1.86e+7	1.94e+7	2.06e+7	2.18e+7	
80	201		Hg	5.02e+7	-	4.34e+7	3.98e+7	3.76e+7	3.61e+7	3.49e+7	3.36e+7	3.27e+7	3.23e+7	3.08e+7	3.09e+7	
80	202		Hg	9.43e+6	-	8.97e+6	8.89e+6	8.94e+6	9.05e+6	9.18e+6	9.41e+6	9.75e+6	1.00e+7	1.06e+7	1.08e+7	
80	203		Hg	2.19e+7	-	1.80e+7	1.59e+7	1.44e+7	1.32e+7	1.24e+7	1.11e+7	1.02e+7	9.60e+6	8.99e+6	8.64e+6	
80	204		Hg	5.83e+6	-	5.94e+6	5.93e+6	6.07e+6	6.08e+6	6.10e+6	6.39e+6	6.64e+6	6.74e+6	7.14e+6	7.25e+6	
81	203		Tl	2.25e+7	-	2.57e+7	2.20e+7	1.98e+7	1.86e+7	1.80e+7	1.56e+7	1.42e+7	1.29e+7	1.18e+7	1.05e+7	
81	204		Tl	5.18e+7	-	3.45e+7	3.25e+7	3.19e+7	3.15e+7	3.11e+7	3.02e+7	2.93e+7	2.83e+7	2.65e+7	2.49e+7	
81	205		Tl	6.05e+6	-	7.46e+6	7.60e+6	7.71e+6	7.69e+6	7.83e+6	7.68e+6	7.42e+6	7.05e+6	5.69e+6	3.75e+6	
82	204		Pb	1.85e+7	1.54e+7	1.42e+7	1.25e+7	1.19e+7	1.17e+7	1.18e+7	1.24e+7	1.31e+7	1.31e+7	1.29e+7	1.27e+7	
82	205		Pb	3.48e+7	-	2.15e+7	1.91e+7	1.80e+7	1.73e+7	1.68e+7	1.60e+7	1.55e+7	1.50e+7	1.43e+7	1.38e+7	
82	206		Pb	1.24e+6	-	1.63e+6	1.80e+6	1.90e+6	2.00e+6	2.11e+6	2.31e+6	2.47e+6	2.61e+6	2.82e+6	3.05e+6	
82	207		Pb	9.60e+5	1.06e+6	1.15e+6	1.30e+6	1.42e+6	1.44e+6	1.44e+6	1.39e+6	1.31e+6	1.25e+6	1.26e+6	1.27e+6	
82	208		Pb	3.44e+3	-	9.89e+3	2.03e+4	3.18e+4	4.24e+4	5.23e+4	6.61e+4	7.69e+4	8.44e+4	9.37e+4	9.70e+4	
83	209		Bi	7.68e+5	6.42e+5	5.87e+5	4.99e+5	4.02e+5	3.80e+5	3.72e+5	3.67e+5	3.64e+5	3.78e+5	4.15e+5	4.43e+5	
83	210		Bi	1.22e+6	-	1.15e+6	1.41e+6	1.78e+6	2.39e+6	2.59e+6	3.01e+6	3.72e+6	3.41e+6	3.98e+6	3.20e+6	
